latest_em_timestamp: 2026-07-16 07:34:00+00
rows_last_5_minutes: 0
devices_last_5_minutes: 0

60-second snapshot:
start: 2026-07-16 14:07:22.900363+00 | device.status=16540 | device_em.stats=4839 | WAL=7/72C9FBC0
end:   2026-07-16 14:08:23.006003+00 | device.status=16540 | device_em.stats=4839 | WAL=7/72C9FBC0
